{
  "asset": {
    "version": "2.0",
    "generator": "THREE.GLTFExporter"
  },
  "scenes": [
    {
      "nodes": [
        6015
      ]
    }
  ],
  "scene": 0,
  "nodes": [
    {
      "name": "Folage_mpoly001",
      "extras": {
        "name": "Folage_mpoly.001"
      },
      "mesh": 0
    },
    {
      "name": "Trunk_lpoly",
      "extras": {
        "name": "Trunk_lpoly"
      },
      "mesh": 1
    },
    {
      "matrix": [
        0.96592586115991,
        0,
        -0.2588189190257495,
        0,
        0,
        1,
        0,
        0,
        0.2588189190257495,
        0,
        0.96592586115991,
        0,
        0,
        0,
        0,
        1
      ],
      "name": "Emptytree_lpoly",
      "extras": {
        "name": "Empty.tree_l.poly"
      },
      "children": [
        0,
        1
      ]
    },
    {
      "matrix": [
        0.000012,
        0,
        0,
        0,
        0,
        -2.6645352591003758e-21,
        0.000012000000000000004,
        0,
        0,
        -0.000012000000000000004,
        -2.6645352591003758e-21,
        0,
        0,
        0,
        0,
        1
      ],
      "name": "Scene",
      "children": [
        2
      ]
    },
    {
      "matrix": [
        1,
        0,
        0,
        0,
        0,
        1,
        0,
        0,
        0,
        0,
        1,
        0,
        -0.005100049510949542,
        -0.005914293079001709,
        0,
        1
      ],
      "extras": {
        "layerId": 8,
        "featureIdx": 0
      },
      "children": [
        3
      ]
    },
    {
      "name": "Folage_mpoly001",
      "extras": {
        "name": "Folage_mpoly.001"
      },
      "mesh": 2
    },
    {
      "name": "Trunk_lpoly",
      "extras": {
        "name": "Trunk_lpoly"
      },
      "mesh": 3
    },
    {
      "matrix": [
        0.96592586115991,
        0,
        -0.2588189190257495,
        0,
        0,
        1,
        0,
        0,
        0.2588189190257495,
        0,
        0.96592586115991,
        0,
        0,
        0,
        0,
        1
      ],
      "name": "Emptytree_lpoly",
      "extras": {
        "name": "Empty.tree_l.poly"
      },
      "children": [
        5,
        6
      ]
    },
    {
      "matrix": [
        0.000012,
        0,
        0,
        0,
        0,
        -2.6645352591003758e-21,
        0.000012000000000000004,
        0,
        0,
        -0.000012000000000000004,
        -2.6645352591003758e-21,
        0,
        0,
        0,
        0,
        1
      ],
      "name": "Scene",
      "children": [
        7
      ]
    },
    {
      "matrix": [
        1,
        0,
        0,
        0,
        0,
        1,
        0,
        0,
        0,
        0,
        1,
        0,
        -0.004413749510949541,
        -0.006169193079003321,
        0,
        1
      ],
      "extras": {
        "layerId": 8,
        "featureIdx": 1
      },
      "children": [
        8
      ]
    },
    {
      "name": "Folage_mpoly001",
      "extras": {
        "name": "Folage_mpoly.001"
      },
      "mesh": 4
    },
    {
      "name": "Trunk_lpoly",
      "extras": {
        "name": "Trunk_lpoly"
      },
      "mesh": 5
    },
    {
      "matrix": [
        0.96592586115991,
        0,
        -0.2588189190257495,
        0,
        0,
        1,
        0,
        0,
        0.2588189190257495,
        0,
        0.96592586115991,
        0,
        0,
        0,
        0,
        1
      ],
      "name": "Emptytree_lpoly",
      "extras": {
        "name": "Empty.tree_l.poly"
      },
      "children": [
        10,
        11
      ]
    },
    {
      "matrix": [
        0.000012,
        0,
        0,
        0,
        0,
        -2.6645352591003758e-21,
        0.000012000000000000004,
        0,
        0,
        -0.000012000000000000004,
        -2.6645352591003758e-21,
        0,
        0,
        0,
        0,
        1
      ],
      "name": "Scene",
      "children": [
        12
      ]
    },
    {
      "matrix": [
        1,
        0,
        0,
        0,
        0,
        1,
        0,
        0,
        0,
        0,
        1,
        0,
        -0.004894149510949547,
        -0.006048993078998421,
        0,
        1
      ],
      "extras": {
        "layerId": 8,
        "featureIdx": 2
      },
      "children": [
        13
      ]
    },
    {
      "name": "Folage_mpoly001",
      "extras": {
        "name": "Folage_mpoly.001"
      },
      "mesh": 6
    },
    {
      "name": "Trunk_lpoly",
      "extras": {
        "name": "Trunk_lpoly"
      },
      "mesh": 7
    },
    {
      "matrix": [
        0.96592586115991,
        0,
        -0.2588189190257495,
        0,
        0,
        1,
        0,
        0,
        0.2588189190257495,
        0,
        0.96592586115991,
        0,
        0,
        0,
        0,
        1
      ],
      "name": "Emptytree_lpoly",
      "extras": {
        "name": "Empty.tree_l.poly"
      },
      "children": [
        15,
        16
      ]
    },
    {
      "matrix": [
        0.000012,
        0,
        0,
        0,
        0,
        -2.6645352591003758e-21,
        0.000012000000000000004,
        0,
        0,
        -0.000012000000000000004,
        -2.6645352591003758e-21,
        0,
        0,
        0,
        0,
        1
      ],
      "name": "Scene",
      "children": [
        17
      ]
    },
    {
      "matrix": [
        1,
        0,
        0,
        0,
        0,
        1,
        0,
        0,
        0,
        0,
        1,
        0,
        -0.0043063495109495475,
        -0.0062092930790029754,
        0,
        1
      ],
      "extras": {
        "layerId": 8,
        "featureIdx": 3
      },
      "children": [
        18
      ]
    },
    {
      "name": "Folage_mpoly001",
      "extras": {
        "name": "Folage_mpoly.001"
      },
      "mesh": 8
    },
    {
      "name": "Trunk_lpoly",
      "extras": {
        "name": "Trunk_lpoly"
      },
      "mesh": 9
    },
    {
      "matrix": [
        0.96592586115991,
        0,
        -0.2588189190257495,
        0,
        0,
        1,
        0,
        0,
        0.2588189190257495,
        0,
        0.96592586115991,
        0,
        0,
        0,
        0,
        1
      ],
      "name": "Emptytree_lpoly",
      "extras": {
        "name": "Empty.tree_l.poly"
      },
      "children": [
        20,
        21
      ]
    },
    {
      "matrix": [
        0.000012,
        0,
        0,
        0,
        0,
        -2.6645352591003758e-21,
        0.000012000000000000004,
        0,
        0,
        -0.000012000000000000004,
        -2.6645352591003758e-21,
        0,
        0,
        0,
        0,
        1
      ],
      "name": "Scene",
      "children": [
        22
      ]
    },
    {
      "matrix": [
        1,
        0,
        0,
        0,
        0,
        1,
        0,
        0,
        0,
        0,
        1,
        0,
        -0.004206149510949539,
        -0.006129093079003667,
        0,
        1
      ],
      "extras": {
        "layerId": 8,
        "featureIdx": 4
      },
      "children": [
        23
      ]
    },
    {
      "name": "Folage_mpoly001",
      "extras": {
        "name": "Folage_mpoly.001"
      },
      "mesh": 10
    },
    {
      "name": "Trunk_lpoly",
      "extras": {
        "name": "Trunk_lpoly"
      },
      "mesh": 11
    },
    {
      "matrix": [
        0.96592586115991,
        0,
        -0.2588189190257495,
        0,
        0,
        1,
        0,
        0,
        0.2588189190257495,
        0,
        0.96592586115991,
        0,
        0,
        0,
        0,
        1
      ],
      "name": "Emptytree_lpoly",
      "extras": {
        "name": "Empty.tree_l.poly"
      },
      "children": [
        25,
        26
      ]
    },
    {
      "matrix": [
        0.000012,
        0,
        0,
        0,
        0,
        -2.6645352591003758e-21,
        0.000012000000000000004,
        0,
        0,
        -0.000012000000000000004,
        -2.6645352591003758e-21,
        0,
        0,
        0,
        0,
        1
      ],
      "name": "Scene",
      "children": [
        27
      ]
    },
    {
      "matrix": [
        1,
        0,
        0,
        0,
        0,
        1,
        0,
        0,
        0,
        0,
        1,
        0,
        -0.003955649510949538,
        -0.005999993079001342,
        0,
        1
      ],
      "extras": {
        "layerId": 8,
        "featureIdx": 5
      },
      "children": [
        28
      ]
    },
    {
      "name": "Folage_mpoly001",
      "extras": {
        "name": "Folage_mpoly.001"
      },
      "mesh": 12
    },
    {
      "name": "Trunk_lpoly",
      "extras": {
        "name": "Trunk_lpoly"
      },
      "mesh": 13
    },
    {
      "matrix": [
        0.96592586115991,
        0,
        -0.2588189190257495,
        0,
        0,
        1,
        0,
        0,
        0.2588189190257495,
        0,
        0.96592586115991,
        0,
        0,
        0,
        0,
        1
      ],
      "name": "Emptytree_lpoly",
      "extras": {
        "name": "Empty.tree_l.poly"
      },
      "children": [
        30,
        31
      ]
    },
    {
      "matrix": [
        0.000012,
        0,
        0,
        0,
        0,
        -2.6645352591003758e-21,
        0.000012000000000000004,
        0,
        0,
        -0.000012000000000000004,
        -2.6645352591003758e-21,
        0,
        0,
        0,
        0,
        1
      ],
      "name": "Scene",
      "children": [
        32
      ]
    },
    {
      "matrix": [
        1,
        0,
        0,
        0,
        0,
        1,
        0,
        0,
        0,
        0,
        1,
        0,
        -0.004876449510949538,
        -0.005342693079001037,
        0,
        1
      ],
      "extras": {
        "layerId": 8,
        "featureIdx": 6
      },
      "children": [
        33
      ]
    },
    {
      "name": "Folage_mpoly001",
      "extras": {
        "name": "Folage_mpoly.001"
      },
      "mesh": 14
    },
    {
      "name": "Trunk_lpoly",
      "extras": {
        "name": "Trunk_lpoly"
      },
      "mesh": 15
    },
    {
      "matrix": [
        0.96592586115991,
        0,
        -0.2588189190257495,
        0,
        0,
        1,
        0,
        0,
        0.2588189190257495,
        0,
        0.96592586115991,
        0,
        0,
        0,
        0,
        1
      ],
      "name": "Emptytree_lpoly",
      "extras": {
        "name": "Empty.tree_l.poly"
      },
      "children": [
        35,
        36
      ]
    },
    {
      "matrix": [
        0.000012,
        0,
        0,
        0,
        0,
        -2.6645352591003758e-21,
        0.000012000000000000004,
        0,
        0,
        -0.000012000000000000004,
        -2.6645352591003758e-21,
        0,
        0,
        0,
        0,
        1
      ],
      "name": "Scene",
      "children": [
        37
      ]
    },
    {
      "matrix": [
        1,
        0,
        0,
        0,
        0,
        1,
        0,
        0,
        0,
        0,
        1,
        0,
        -0.0038697495109495383,
        -0.005438793079001414,
        0,
        1
      ],
      "extras": {
        "layerId": 8,
        "featureIdx": 7
      },
      "children": [
        38
      ]
    },
    {
      "name": "Folage_mpoly001",
      "extras": {
        "name": "Folage_mpoly.001"
      },
      "mesh": 16
    },
    {
      "name": "Trunk_lpoly",
      "extras": {
        "name": "Trunk_lpoly"
      },
      "mesh": 17
    },
    {
      "matrix": [
        0.96592586115991,
        0,
        -0.2588189190257495,
        0,
        0,
        1,
        0,
        0,
        0.2588189190257495,
        0,
        0.96592586115991,
        0,
        0,
        0,
        0,
        1
      ],
      "name": "Emptytree_lpoly",
      "extras": {
        "name": "Empty.tree_l.poly"
      },
      "children": [
        40,
        41
      ]
    },
    {
      "matrix": [
        0.000012,
        0,
        0,
        0,
        0,
        -2.6645352591003758e-21,
        0.000012000000000000004,
        0,
        0,
        -0.000012000000000000004,
        -2.6645352591003758e-21,
        0,
        0,
        0,
        0,
        1
      ],
      "name": "Scene",
      "children": [
        42
      ]
    },
    {
      "matrix": [
        1,
        0,
        0,
        0,
        0,
        1,
        0,
        0,
        0,
        0,
        1,
        0,
        -0.0037981495109495472,
        -0.00534079307900015,
        0,
        1
      ],
      "extras": {
        "layerId": 8,
        "featureIdx": 8
      },
      "children": [
        43
      ]
    },
    {
      "name": "Folage_mpoly001",
      "extras": {
        "name": "Folage_mpoly.001"
      },
      "mesh": 18
    },
    {
      "name": "Trunk_lpoly",
      "extras": {
        "name": "Trunk_lpoly"
      },
      "mesh": 19
    },
    {
      "matrix": [
        0.96592586115991,
        0,
        -0.2588189190257495,
        0,
        0,
        1,
        0,
        0,
        0.2588189190257495,
        0,
        0.96592586115991,
        0,
        0,
        0,
        0,
        1
      ],
      "name": "Emptytree_lpoly",
      "extras": {
        "name": "Empty.tree_l.poly"
      },
      "children": [
        45,
        46
      ]
    },
    {
      "matrix": [
        0.000012,
        0,
        0,
        0,
        0,
        -2.6645352591003758e-21,
        0.000012000000000000004,
        0,
        0,
        -0.000012000000000000004,
        -2.6645352591003758e-21,
        0,
        0,
        0,
        0,
        1
      ],
      "name": "Scene",
      "children": [
        47
      ]
    },
    {
      "matrix": [
        1,
        0,
        0,
        0,
        0,
        1,
        0,
        0,
        0,
        0,
        1,
        0,
        -0.003982349510949543,
        -0.005098593078997737,
        0,
        1
      ],
      "extras": {
        "layerId": 8,
        "featureIdx": 9
      },
      "children": [
        48
      ]
    },
    {
      "name": "Folage_mpoly001",
      "extras": {
        "name": "Folage_mpoly.001"
      },
      "mesh": 20
    },
    {
      "name": "Trunk_lpoly",
      "extras": {
        "name": "Trunk_lpoly"
      },
      "mesh": 21
    },
    {
      "matrix": [
        0.96592586115991,
        0,
        -0.2588189190257495,
        0,
        0,
        1,
        0,
        0,
        0.2588189190257495,
        0,
        0.96592586115991,
        0,
        0,
        0,
        0,
        1
      ],
      "name": "Emptytree_lpoly",
      "extras": {
        "name": "Empty.tree_l.poly"
      },
      "children": [
        50,
        51
      ]
    },
    {
      "matrix": [
        0.000012,
        0,
        0,
        0,
        0,
        -2.6645352591003758e-21,
        0.000012000000000000004,
        0,
        0,
        -0.000012000000000000004,
        -2.6645352591003758e-21,
        0,
        0,
        0,
        0,
        1
      ],
      "name": "Scene",
      "children": [
        52
      ]
    },
    {
      "matrix": [
        1,
        0,
        0,
        0,
        0,
        1,
        0,
        0,
        0,
        0,
        1,
        0,
        -0.004603149510949547,
        -0.004755893079000373,
        0,
        1
      ],
      "extras": {
        "layerId": 8,
        "featureIdx": 10
      },
      "children": [
        53
      ]
    },
    {
      "name": "Folage_mpoly001",
      "extras": {
        "name": "Folage_mpoly.001"
      },
      "mesh": 22
    },
    {
      "name": "Trunk_lpoly",
      "extras": {
        "name": "Trunk_lpoly"
      },
      "mesh": 23
    },
    {
      "matrix": [
        0.96592586115991,
        0,
        -0.2588189190257495,
        0,
        0,
        1,
        0,
        0,
        0.2588189190257495,
        0,
        0.96592586115991,
        0,
        0,
        0,
        0,
        1
      ],
      "name": "Emptytree_lpoly",
      "extras": {
        "name": "Empty.tree_l.poly"
      },
      "children": [
        55,
        56
      ]
    },
    {
      "matrix": [
        0.000012,
        0,
        0,
        0,
        0,
        -2.6645352591003758e-21,
        0.000012000000000000004,
        0,
        0,
        -0.000012000000000000004,
        -2.6645352591003758e-21,
        0,
        0,
        0,
        0,
        1
      ],
      "name": "Scene",
      "children": [
        57
      ]
    },
    {
      "matrix": [
        1,
        0,
        0,
        0,
        0,
        1,
        0,
        0,
        0,
        0,
        1,
        0,
        -0.004675449510949545,
        -0.004618193079004129,
        0,
        1
      ],
      "extras": {
        "layerId": 8,
        "featureIdx": 11
      },
      "children": [
        58
      ]
    },
    {
      "name": "Folage_mpoly001",
      "extras": {
        "name": "Folage_mpoly.001"
      },
      "mesh": 24
    },
    {
      "name": "Trunk_lpoly",
      "extras": {
        "name": "Trunk_lpoly"
      },
      "mesh": 25
    },
    {
      "matrix": [
        0.96592586115991,
        0,
        -0.2588189190257495,
        0,
        0,
        1,
        0,
        0,
        0.2588189190257495,
        0,
        0.96592586115991,
        0,
        0,
        0,
        0,
        1
      ],
      "name": "Emptytree_lpoly",
      "extras": {
        "name": "Empty.tree_l.poly"
      },
      "children": [
        60,
        61
      ]
    },
    {
      "matrix": [
        0.000012,
        0,
        0,
        0,
        0,
        -2.6645352591003758e-21,
        0.000012000000000000004,
        0,
        0,
        -0.000012000000000000004,
        -2.6645352591003758e-21,
        0,
        0,
        0,
        0,
        1
      ],
      "name": "Scene",
      "children": [
        62
      ]
    },
    {
      "matrix": [
        1,
        0,
        0,
        0,
        0,
        1,
        0,
        0,
        0,
        0,
        1,
        0,
        -0.004153449510949536,
        -0.005088293078998163,
        0,
        1
      ],
      "extras": {
        "layerId": 8,
        "featureIdx": 12
      },
      "children": [
        63
      ]
    },
    {
      "name": "Folage_mpoly001",
      "extras": {
        "name": "Folage_mpoly.001"
      },
      "mesh": 26
    },
    {
      "name": "Trunk_lpoly",
      "extras": {
        "name": "Trunk_lpoly"
      },
      "mesh": 27
    },
    {
      "matrix": [
        0.96592586115991,
        0,
        -0.2588189190257495,
        0,
        0,
        1,
        0,
        0,
        0.2588189190257495,
        0,
        0.96592586115991,
        0,
        0,
        0,
        0,
        1
      ],
      "name": "Emptytree_lpoly",
      "extras": {
        "name": "Empty.tree_l.poly"
      },
      "children": [
        65,
        66
      ]
    },
    {
      "matrix": [
        0.000012,
        0,
        0,
        0,
        0,
        -2.6645352591003758e-21,
        0.000012000000000000004,
        0,
        0,
        -0.000012000000000000004,
        -2.6645352591003758e-21,
        0,
        0,
        0,
        0,
        1
      ],
      "name": "Scene",
      "children": [
        67
      ]
    },
    {
      "matrix": [
        1,
        0,
        0,
        0,
        0,
        1,
        0,
        0,
        0,
        0,
        1,
        0,
        -0.0039896495109495445,
        -0.0050551930790021515,
        0,
        1
      ],
      "extras": {
        "layerId": 8,
        "featureIdx": 13
      },
      "children": [
        68
      ]
    },
    {
      "name": "Folage_mpoly001",
      "extras": {
        "name": "Folage_mpoly.001"
      },
      "mesh": 28
    },
    {
      "name": "Trunk_lpoly",
      "extras": {
        "name": "Trunk_lpoly"
      },
      "mesh": 29
    },
    {
      "matrix": [
        0.96592586115991,
        0,
        -0.2588189190257495,
        0,
        0,
        1,
        0,
        0,
        0.2588189190257495,
        0,
        0.96592586115991,
        0,
        0,
        0,
        0,
        1
      ],
      "name": "Emptytree_lpoly",
      "extras": {
        "name": "Empty.tree_l.poly"
      },
      "children": [
        70,
        71
      ]
    },
    {
      "matrix": [
        0.000012,
        0,
        0,
        0,
        0,
        -2.6645352591003758e-21,
        0.000012000000000000004,
        0,
        0,
        -0.000012000000000000004,
        -2.6645352591003758e-21,
        0,
        0,
        0,
        0,
        1
      ],
      "name": "Scene",
      "children": [
        72
      ]
    },
    {
      "matrix": [
        1,
        0,
        0,
        0,
        0,
        1,
        0,
        0,
        0,
        0,
        1,
        0,
        -0.003793249510949545,
        -0.005015993078998804,
        0,
        1
      ],
      "extras": {
        "layerId": 8,
        "featureIdx": 14
      },
      "children": [
        73
      ]
    },
    {
      "name": "Folage_mpoly001",
      "extras": {
        "name": "Folage_mpoly.001"
      },
      "mesh": 30
    },
    {
      "name": "Trunk_lpoly",
      "extras": {
        "name": "Trunk_lpoly"
      },
      "mesh": 31
    },
    {
      "matrix": [
        0.96592586115991,
        0,
        -0.2588189190257495,
        0,
        0,
        1,
        0,
        0,
        0.2588189190257495,
        0,
        0.96592586115991,
        0,
        0,
        0,
        0,
        1
      ],
      "name": "Emptytree_lpoly",
      "extras": {
        "name": "Empty.tree_l.poly"
      },
      "children": [
        75,
        76
      ]
    },
    {
      "matrix": [
        0.000012,
        0,
        0,
        0,
        0,
        -2.6645352591003758e-21,
        0.000012000000000000004,
        0,
        0,
        -0.000012000000000000004,
        -2.6645352591003758e-21,
        0,
        0,
        0,
        0,
        1
      ],
      "name": "Scene",
      "children": [
        77
      ]
    },
    {
      "matrix": [
        1,
        0,
        0,
        0,
        0,
        1,
        0,
        0,
        0,
        0,
        1,
        0,
        -0.0037492495109495427,
        -0.0050497930790029955,
        0,
        1
      ],
      "extras": {
        "layerId": 8,
        "featureIdx": 15
      },
      "children": [
        78
      ]
    },
    {
      "name": "Folage_mpoly001",
      "extras": {
        "name": "Folage_mpoly.001"
      },
      "mesh": 32
    },
    {
      "name": "Trunk_lpoly",
      "extras": {
        "name": "Trunk_lpoly"
      },
      "mesh": 33
    },
    {
      "matrix": [
        0.96592586115991,
        0,
        -0.2588189190257495,
        0,
        0,
        1,
        0,
        0,
        0.2588189190257495,
        0,
        0.96592586115991,
        0,
        0,
        0,
        0,
        1
      ],
      "name": "Emptytree_lpoly",
      "extras": {
        "name": "Empty.tree_l.poly"
      },
      "children": [
        80,
        81
      ]
    },
    {
      "matrix": [
        0.000012,
        0,
        0,
        0,
        0,
        -2.6645352591003758e-21,
        0.000012000000000000004,
        0,
        0,
        -0.000012000000000000004,
        -2.6645352591003758e-21,
        0,
        0,
        0,
        0,
        1
      ],
      "name": "Scene",
      "children": [
        82
      ]
    },
    {
      "matrix": [
        1,
        0,
        0,
        0,
        0,
        1,
        0,
        0,
        0,
        0,
        1,
        0,
        -0.004041549510949538,
        -0.004766293079001116,
        0,
        1
      ],
      "extras": {
        "layerId": 8,
        "featureIdx": 16
      },
      "children": [
        83
      ]
    },
    {
      "name": "Folage_mpoly001",
      "extras": {
        "name": "Folage_mpoly.001"
      },
      "mesh": 34
    },
    {
      "name": "Trunk_lpoly",
      "extras": {
        "name": "Trunk_lpoly"
      },
      "mesh": 35
    },
    {
      "matrix": [
        0.96592586115991,
        0,
        -0.2588189190257495,
        0,
        0,
        1,
        0,
        0,
        0.2588189190257495,
        0,
        0.96592586115991,
        0,
        0,
        0,
        0,
        1
      ],
      "name": "Emptytree_lpoly",
      "extras": {
        "name": "Empty.tree_l.poly"
      },
      "children": [
        85,
        86
      ]
    },
    {
      "matrix": [
        0.000012,
        0,
        0,
        0,
        0,
        -2.6645352591003758e-21,
        0.000012000000000000004,
        0,
        0,
        -0.000012000000000000004,
        -2.6645352591003758e-21,
        0,
        0,
        0,
        0,
        1
      ],
      "name": "Scene",
      "children": [
        87
      ]
    },
    {
      "matrix": [
        1,
        0,
        0,
        0,
        0,
        1,
        0,
        0,
        0,
        0,
        1,
        0,
        -0.003833949510949536,
        -0.0047305930790031425,
        0,
        1
      ],
      "extras": {
        "layerId": 8,
        "featureIdx": 17
      },
      "children": [
        88
      ]
    },
    {
      "name": "Folage_mpoly001",
      "extras": {
        "name": "Folage_mpoly.001"
      },
      "mesh": 36
    },
    {
      "name": "Trunk_lpoly",
      "extras": {
        "name": "Trunk_lpoly"
      },
      "mesh": 37
    },
    {
      "matrix": [
        0.96592586115991,
        0,
        -0.2588189190257495,
        0,
        0,
        1,
        0,
        0,
        0.2588189190257495,
        0,
        0.96592586115991,
        0,
        0,
        0,
        0,
        1
      ],
      "name": "Emptytree_lpoly",
      "extras": {
        "name": "Empty.tree_l.poly"
      },
      "children": [
        90,
        91
      ]
    },
    {
      "matrix": [
        0.000012,
        0,
        0,
        0,
        0,
        -2.6645352591003758e-21,
        0.000012000000000000004,
        0,
        0,
        -0.000012000000000000004,
        -2.6645352591003758e-21,
        0,
        0,
        0,
        0,
        1
      ],
      "name": "Scene",
      "children": [
        92
      ]
    },
    {
      "matrix": [
        1,
        0,
        0,
        0,
        0,
        1,
        0,
        0,
        0,
        0,
        1,
        0,
        -0.0011854495109495378,
        -0.0061825930790035954,
        0,
        1
      ],
      "extras": {
        "layerId": 8,
        "featureIdx": 18
      },
      "children": [
        93
      ]
    },
    {
      "name": "Folage_mpoly001",
      "extras": {
        "name": "Folage_mpoly.001"
      },
      "mesh": 38
    },
    {
      "name": "Trunk_lpoly",
      "extras": {
        "name": "Trunk_lpoly"
      },
      "mesh": 39
    },
    {
      "matrix": [
        0.96592586115991,
        0,
        -0.2588189190257495,
        0,
        0,
        1,
        0,
        0,
        0.2588189190257495,
        0,
        0.96592586115991,
        0,
        0,
        0,
        0,
        1
      ],
      "name": "Emptytree_lpoly",
      "extras": {
        "name": "Empty.tree_l.poly"
      },
      "children": [
        95,
        96
      ]
    },
    {
      "matrix": [
        0.000012,
        0,
        0,
        0,
        0,
        -2.6645352591003758e-21,
        0.000012000000000000004,
        0,
        0,
        -0.000012000000000000004,
        -2.6645352591003758e-21,
        0,
        0,
        0,
        0,
        1
      ],
      "name": "Scene",
      "children": [
        97
      ]
    },
    {
      "matrix": [
        1,
        0,
        0,
        0,
        0,
        1,
        0,
        0,
        0,
        0,
        1,
        0,
        -0.001060149510949543,
        -0.00614629307899861,
        0,
        1
      ],
      "extras": {
        "layerId": 8,
        "featureIdx": 19
      },
      "children": [
        98
      ]
    },
    {
      "name": "Folage_mpoly001",
      "extras": {
        "name": "Folage_mpoly.001"
      },
      "mesh": 40
    },
    {
      "name": "Trunk_lpoly",
      "extras": {
        "name": "Trunk_lpoly"
      },
      "mesh": 41
    },
    {
      "matrix": [
        0.96592586115991,
        0,
        -0.2588189190257495,
        0,
        0,
        1,
        0,
        0,
        0.2588189190257495,
        0,
        0.96592586115991,
        0,
        0,
        0,
        0,
        1
      ],
      "name": "Emptytree_lpoly",
      "extras": {
        "name": "Empty.tree_l.poly"
      },
      "children": [
        100,
        101
      ]
    },
    {
      "matrix": [
        0.000012,
        0,
        0,
        0,
        0,
        -2.6645352591003758e-21,
        0.000012000000000000004,
        0,
        0,
        -0.000012000000000000004,
        -2.6645352591003758e-21,
        0,
        0,
        0,
        0,
        1
      ],
      "name": "Scene",
      "children": [
        102
      ]
    },
    {
      "matrix": [
        1,
        0,
        0,
        0,
        0,
        1,
        0,
        0,
        0,
        0,
        1,
        0,
        -0.0011066495109495478,
        -0.006013293079000448,
        0,
        1
      ],
      "extras": {
        "layerId": 8,
        "featureIdx": 20
      },
      "children": [
        103
      ]
    },
    {
      "name": "Folage_mpoly001",
      "extras": {
        "name": "Folage_mpoly.001"
      },
      "mesh": 42
    },
    {
      "name": "Trunk_lpoly",
      "extras": {
        "name": "Trunk_lpoly"
      },
      "mesh": 43
    },
    {
      "matrix": [
        0.96592586115991,
        0,
        -0.2588189190257495,
        0,
        0,
        1,
        0,
        0,
        0.2588189190257495,
        0,
        0.96592586115991,
        0,
        0,
        0,
        0,
        1
      ],
      "name": "Emptytree_lpoly",
      "extras": {
        "name": "Empty.tree_l.poly"
      },
      "children": [
        105,
        106
      ]
    },
    {
      "matrix": [
        0.000012,
        0,
        0,
        0,
        0,
        -2.6645352591003758e-21,
        0.000012000000000000004,
        0,
        0,
        -0.000012000000000000004,
        -2.6645352591003758e-21,
        0,
        0,
        0,
        0,
        1
      ],
      "name": "Scene",
      "children": [
        107
      ]
    },
    {
      "matrix": [
        1,
        0,
        0,
        0,
        0,
        1,
        0,
        0,
        0,
        0,
        1,
        0,
        -0.002796649510949545,
        -0.005725493078998056,
        0,
        1
      ],
      "extras": {
        "layerId": 8,
        "featureIdx": 21
      },
      "children": [
        108
      ]
    },
    {
      "name": "Folage_mpoly001",
      "extras": {
        "name": "Folage_mpoly.001"
      },
      "mesh": 44
    },
    {
      "name": "Trunk_lpoly",
      "extras": {
        "name": "Trunk_lpoly"
      },
      "mesh": 45
    },
    {
      "matrix": [
        0.96592586115991,
        0,
        -0.2588189190257495,
        0,
        0,
        1,
        0,
        0,
        0.2588189190257495,
        0,
        0.96592586115991,
        0,
        0,
        0,
        0,
        1
      ],
      "name": "Emptytree_lpoly",
      "extras": {
        "name": "Empty.tree_l.poly"
      },
      "children": [
        110,
        111
      ]
    },
    {
      "matrix": [
        0.000012,
        0,
        0,
        0,
        0,
        -2.6645352591003758e-21,
        0.000012000000000000004,
        0,
        0,
        -0.000012000000000000004,
        -2.6645352591003758e-21,
        0,
        0,
        0,
        0,
        1
      ],
      "name": "Scene",
      "children": [
        112
      ]
    },
    {
      "matrix": [
        1,
        0,
        0,
        0,
        0,
        1,
        0,
        0,
        0,
        0,
        1,
        0,
        -0.002707749510949542,
        -0.005709393079001757,
        0,
        1
      ],
      "extras": {
        "layerId": 8,
        "featureIdx": 22
      },
      "children": [
        113
      ]
    },
    {
      "name": "Folage_mpoly001",
      "extras": {
        "name": "Folage_mpoly.001"
      },
      "mesh": 46
    },
    {
      "name": "Trunk_lpoly",
      "extras": {
        "name": "Trunk_lpoly"
      },
      "mesh": 47
    },
    {
      "matrix": [
        0.96592586115991,
        0,
        -0.2588189190257495,
        0,
        0,
        1,
        0,
        0,
        0.2588189190257495,
        0,
        0.96592586115991,
        0,
        0,
        0,
        0,
        1
      ],
      "name": "Emptytree_lpoly",
      "extras": {
        "name": "Empty.tree_l.poly"
      },
      "children": [
        115,
        116
      ]
    },
    {
      "matrix": [
        0.000012,
        0,
        0,
        0,
        0,
        -2.6645352591003758e-21,
        0.000012000000000000004,
        0,
        0,
        -0.000012000000000000004,
        -2.6645352591003758e-21,
        0,
        0,
        0,
        0,
        1
      ],
      "name": "Scene",
      "children": [
        117
      ]
    },
    {
      "matrix": [
        1,
        0,
        0,
        0,
        0,
        1,
        0,
        0,
        0,
        0,
        1,
        0,
        -0.00283894951094954,
        -0.005652593078998791,
        0,
        1
      ],
      "extras": {
        "layerId": 8,
        "featureIdx": 23
      },
      "children": [
        118
      ]
    },
    {
      "name": "Folage_mpoly001",
      "extras": {
        "name": "Folage_mpoly.001"
      },
      "mesh": 48
    },
    {
      "name": "Trunk_lpoly",
      "extras": {
        "name": "Trunk_lpoly"
      },
      "mesh": 49
    },
    {
      "matrix": [
        0.96592586115991,
        0,
        -0.2588189190257495,
        0,
        0,
        1,
        0,
        0,
        0.2588189190257495,
        0,
        0.96592586115991,
        0,
        0,
        0,
        0,
        1
      ],
      "name": "Emptytree_lpoly",
      "extras": {
        "name": "Empty.tree_l.poly"
      },
      "children": [
        120,
        121
      ]
    },
    {
      "matrix": [
        0.000012,
        0,
        0,
        0,
        0,
        -2.6645352591003758e-21,
        0.000012000000000000004,
        0,
        0,
        -0.000012000000000000004,
        -2.6645352591003758e-21,
        0,
        0,
        0,
        0,
        1
      ],
      "name": "Scene",
      "children": [
        122
      ]
    },
    {
      "matrix": [
        1,
        0,
        0,
        0,
        0,
        1,
        0,
        0,
        0,
        0,
        1,
        0,
        -0.002751949510949536,
        -0.00561979307899918,
        0,
        1
      ],
      "extras": {
        "layerId": 8,
        "featureIdx": 24
      },
      "children": [
        123
      ]
    },
    {
      "name": "Folage_mpoly001",
      "extras": {
        "name": "Folage_mpoly.001"
      },
      "mesh": 50
    },
    {
      "name": "Trunk_lpoly",
      "extras": {
        "name": "Trunk_lpoly"
      },
      "mesh": 51
    },
    {
      "matrix": [
        0.96592586115991,
        0,
        -0.2588189190257495,
        0,
        0,
        1,
        0,
        0,
        0.2588189190257495,
        0,
        0.96592586115991,
        0,
        0,
        0,
        0,
        1
      ],
      "name": "Emptytree_lpoly",
      "extras": {
        "name": "Empty.tree_l.poly"
      },
      "children": [
        125,
        126
      ]
    },
    {
      "matrix": [
        0.000012,
        0,
        0,
        0,
        0,
        -2.6645352591003758e-21,
        0.000012000000000000004,
        0,
        0,
        -0.000012000000000000004,
        -2.6645352591003758e-21,
        0,
        0,
        0,
        0,
        1
      ],
      "name": "Scene",
      "children": [
        127
      ]
    },
    {
      "matrix": [
        1,
        0,
        0,
        0,
        0,
        1,
        0,
        0,
        0,
        0,
        1,
        0,
        -0.002903349510949546,
        -0.005501093078997599,
        0,
        1
      ],
      "extras": {
        "layerId": 8,
        "featureIdx": 25
      },
      "children": [
        128
      ]
    },
    {
      "name": "Folage_mpoly001",
      "extras": {
        "name": "Folage_mpoly.001"
      },
      "mesh": 52
    },
    {
      "name": "Trunk_lpoly",
      "extras": {
        "name": "Trunk_lpoly"
      },
      "mesh": 53
    },
    {
      "matrix": [
        0.96592586115991,
        0,
        -0.2588189190257495,
        0,
        0,
        1,
        0,
        0,
        0.2588189190257495,
        0,
        0.96592586115991,
        0,
        0,
        0,
        0,
        1
      ],
      "name": "Emptytree_lpoly",
      "extras": {
        "name": "Empty.tree_l.poly"
      },
      "children": [
        130,
        131
      ]
    },
    {
      "matrix": [
        0.000012,
        0,
        0,
        0,
        0,
        -2.6645352591003758e-21,
        0.000012000000000000004,
        0,
        0,
        -0.000012000000000000004,
        -2.6645352591003758e-21,
        0,
        0,
        0,
        0,
        1
      ],
      "name": "Scene",
      "children": [
        132
      ]
    },
    {
      "matrix": [
        1,
        0,
        0,
        0,
        0,
        1,
        0,
        0,
        0,
        0,
        1,
        0,
        -0.002754249510949547,
        -0.005477593079000087,
        0,
        1
      ],
      "extras": {
        "layerId": 8,
        "featureIdx": 26
      },
      "children": [
        133
      ]
    },
    {
      "name": "Folage_mpoly001",
      "extras": {
        "name": "Folage_mpoly.001"
      },
      "mesh": 54
    },
    {
      "name": "Trunk_lpoly",
      "extras": {
        "name": "Trunk_lpoly"
      },
      "mesh": 55
    },
    {
      "matrix": [
        0.96592586115991,
        0,
        -0.2588189190257495,
        0,
        0,
        1,
        0,
        0,
        0.2588189190257495,
        0,
        0.96592586115991,
        0,
        0,
        0,
        0,
        1
      ],
      "name": "Emptytree_lpoly",
      "extras": {
        "name": "Empty.tree_l.poly"
      },
      "children": [
        135,
        136
      ]
    },
    {
      "matrix": [
        0.000012,
        0,
        0,
        0,
        0,
        -2.6645352591003758e-21,
        0.000012000000000000004,
        0,
        0,
        -0.000012000000000000004,
        -2.6645352591003758e-21,
        0,
        0,
        0,
        0,
        1
      ],
      "name": "Scene",
      "children": [
        137
      ]
    },
    {
      "matrix": [
        1,
        0,
        0,
        0,
        0,
        1,
        0,
        0,
        0,
        0,
        1,
        0,
        -0.002387949510949547,
        -0.005394293079000079,
        0,
        1
      ],
      "extras": {
        "layerId": 8,
        "featureIdx": 27
      },
      "children": [
        138
      ]
    },
    {
      "name": "Folage_mpoly001",
      "extras": {
        "name": "Folage_mpoly.001"
      },
      "mesh": 56
    },
    {
      "name": "Trunk_lpoly",
      "extras": {
        "name": "Trunk_lpoly"
      },
      "mesh": 57
    },
    {
      "matrix": [
        0.96592586115991,
        0,
        -0.2588189190257495,
        0,
        0,
